[[[[-10.446413   -11.490588   -11.356162   -10.264811   -10.129267
    -11.79494     -9.800501   -11.694903   -11.125337   -10.949868
    -10.543372   -10.378307   -10.658832   -11.904494   -10.985114
     -9.129405   -10.432501  ]
   [-10.365858   -10.856174   -11.261996   -11.580521   -10.846537
    -10.20379    -10.488182   -10.712886   -10.383638   -10.94255
    -10.507258   -11.530509   -11.743288   -13.356128   -12.047048
    -10.700454   -10.785675  ]
   [-13.482389   -11.974255   -12.468443   -11.609682   -10.8059845
    -11.0752945  -11.999443   -12.062847   -12.247933   -12.425636
    -11.675257   -12.241379   -12.740957   -12.229138   -11.191234
    -11.0364065  -11.132935  ]
   [-13.979778   -14.724407   -13.219941   -14.031151   -12.03791
    -14.350862   -13.896881   -14.365567   -13.855389   -14.423508
    -12.266364   -15.042852   -13.794375   -14.933532   -13.922869
    -14.225721   -12.707869  ]
   [-13.267573   -14.65844    -13.599627   -14.229836   -12.602427
    -13.808428   -14.864487   -15.69577    -14.731354   -13.55919
    -12.736248   -14.2174635  -14.37935    -14.207356   -13.901637
    -13.814489   -12.504717  ]
   [-14.198008   -12.569201   -12.882583   -11.036299   -12.864502
    -14.002827   -12.569874   -11.641681   -12.200611   -13.286877
    -12.07524    -13.339344   -12.384617   -15.110293   -13.725181
    -14.425849   -13.029228  ]
   [ -9.876086    -9.495519   -10.240489    -8.975872    -8.520458
    -10.977271   -10.076652    -9.363747    -8.876355   -10.56578
     -9.828208   -11.356191   -10.14308    -13.289004   -11.856057
    -11.970456   -11.708719  ]
   [ -9.241564    -8.954091   -10.496637   -10.158812   -11.101423
    -12.044143   -10.529416   -10.924848   -11.886759   -11.426292
    -11.809469   -13.705269   -12.658841   -12.980687   -12.429505
    -13.284071   -13.5368595 ]
   [-10.598505    -8.472956   -10.311917    -8.8035145  -10.205389
    -10.42307     -9.5630455  -10.878156   -10.689894   -12.140039
    -11.206138   -11.069456   -11.296175   -12.253636    -9.888081
    -10.595293    -9.725813  ]]

  [[ -7.725895    -9.882444   -10.137511    -9.352829    -8.654063
     -9.50142     -8.912016    -9.661812   -11.018965    -9.111486
    -10.978405   -10.466743   -10.897691   -11.733399   -13.392802
    -10.088629   -11.590513  ]
   [-10.018791   -12.262737   -11.442222   -12.350109   -10.650555
    -10.902383    -9.407448   -10.606301   -11.137967   -10.222426
    -11.357801   -11.850994   -11.729112   -12.396541   -12.251832
    -10.98351    -11.3883095 ]
   [-13.079649   -12.53264    -12.585148   -10.600295    -9.271575
     -9.645464    -9.285797   -11.199719   -13.528092   -10.742652
    -11.918845   -12.4633045  -13.550365   -11.667319   -13.012513
    -13.0671     -12.497473  ]
   [ -9.389877    -8.59336     -6.9354334   -7.8377833   -6.9221716
     -8.904582    -7.5375686  -10.541316   -10.833557   -11.283733
    -10.921193   -11.340174   -12.744488   -13.637501   -13.881827
    -14.901386   -14.141457  ]
   [ -8.664494    -9.712697    -7.502828    -8.923898    -7.5991783
     -9.420922    -9.37253    -10.622443   -11.027464   -10.711737
    -10.769156   -11.428747   -11.708723   -13.178996   -12.481541
    -13.714618   -12.650673  ]
   [-11.002626   -10.292913   -10.978545    -7.628511   -10.69282
     -9.099637   -11.90669    -12.283593   -13.424647   -12.148649
    -13.199314   -13.440426   -14.312643   -14.053205   -14.58274
    -14.864375   -14.760464  ]
   [ -9.58526    -10.227989    -8.940663    -8.84267     -9.850706
     -7.911847    -8.318786    -9.7211485   -9.839848    -9.994284
    -10.1342125  -11.827777   -11.871374   -11.923108   -10.081605
    -11.028843   -10.282167  ]
   [ -8.603485    -7.6743736   -7.1575646   -9.776951    -8.017607
     -9.549832    -7.6488094   -7.918192   -10.815002    -8.827057
    -11.122722   -11.991409   -12.212536    -9.96279     -9.535752
     -9.961045    -9.92391   ]
   [-10.592272    -9.7477665   -9.829252    -7.791575    -8.564198
     -8.190536    -7.2745066   -8.558396    -8.131715    -8.509428
     -8.275679    -9.405481    -9.40061     -8.868756    -7.2880535
     -7.759794    -7.310708  ]]

  [[ -6.551633    -6.505467    -7.5915446   -7.0889864   -7.415058
     -7.316736    -7.5321755   -7.5031924   -8.618056    -8.604005
     -8.604203    -9.795116    -9.746886    -9.2649      -8.328674
     -9.232475    -8.894539  ]
   [ -7.7971687   -8.666301    -9.41048     -8.039288    -8.723883
     -8.231222    -8.395584    -9.661949    -8.923476    -9.127969
     -8.651846   -11.781183   -10.974272   -10.371117    -9.514007
    -10.043582    -9.924051  ]
   [ -8.321664    -6.968452    -9.252141    -6.0649962   -7.337722
     -6.609128    -7.2873335  -10.122173    -9.651353    -9.945353
     -9.940709   -11.2253685  -10.955217   -10.103417   -10.555244
    -10.568108   -11.1765995 ]
   [ -0.27286428  -0.9297236    0.18096769  -3.3579497    0.7793331
     -5.8413486   -2.366825    -8.759651    -5.502616    -8.2333765
     -6.5725083   -9.323033    -8.2587385   -9.445273    -8.7592
     -9.63408     -9.948664  ]
   [  3.2188036    2.95814      2.28647      1.0880173   -0.93706405
     -4.0790186   -5.69632     -7.525842    -8.508139    -6.263569
     -7.2537193   -8.746868    -9.2448635   -8.23349     -8.857051
     -8.910234    -9.03175   ]
   [ -6.392233    -6.258495    -7.5198      -3.838016    -6.811837
     -4.6974516   -6.8431997   -6.5510693   -8.693236    -7.047694
     -8.73359     -8.88343     -9.053793    -7.889018    -9.506938
     -8.595357   -10.692612  ]
   [ -9.230107   -10.012496   -10.687304    -9.089612    -7.844883
     -7.8224125   -8.521831   -10.809146    -9.865124   -10.165103
     -9.1407175  -11.336506   -10.012141   -10.880239   -11.106305
    -10.822596   -11.499243  ]
   [ -9.746417    -8.971917   -10.189064    -8.176366    -8.674889
     -8.969584    -7.8988514   -8.618191    -8.09646     -7.7519712
     -7.9269395   -8.711924    -8.337368    -8.302812   -10.767455
     -7.510357    -9.680567  ]
   [ -7.962821    -5.757442    -8.23459     -5.728632    -7.018718
     -7.3932285   -7.225423    -7.4393563   -7.8546934   -8.146451
     -7.559223    -7.9854975   -7.2570257   -8.402939    -8.181305
     -6.2771444   -6.0757837 ]]

  [[ -6.741561    -6.8346934   -6.1828904   -6.518259    -6.2876425
     -6.292782    -6.2873807   -6.0995193   -7.818619    -7.7801075
     -8.057295    -7.088805    -7.241114    -7.7184095   -6.9492116
     -8.588567    -8.292717  ]
   [ -7.719325    -7.5086994   -8.237884    -8.023888    -8.181679
     -7.5760746   -8.254076    -7.2507005   -8.605387    -8.890664
     -8.854131    -7.906642    -7.326197    -7.9969816   -7.84642
     -9.162528    -9.085363  ]
   [-10.580101    -9.980789   -11.613342   -10.681329   -10.979381
     -8.267736    -6.6047297   -9.070164    -6.8499117   -8.976837
     -8.046551    -9.5071745   -9.224121   -10.827455   -10.003313
    -11.1257     -11.154566  ]
   [ -4.1382074   -5.6782155   -4.6580195   -5.7462363   -2.497797
     -3.9474792    5.818692    -6.0895295   -2.5123014   -7.139534
     -4.561558    -8.374956    -6.3522205   -8.687805    -6.139431
     -8.713962    -7.63497   ]
   [  1.0355427   -0.24121177  -1.6678807   -0.14731777  -2.6349819
      4.3078117   -1.7567402   -3.372305    -4.34058     -4.6078997
     -5.0807505   -5.68659     -6.6810484   -5.2049513   -5.702206
     -6.121786    -6.251886  ]
   [ -7.6314936   -7.380286    -8.427329    -5.452895    -7.854847
      2.6690493   -5.6496778   -1.7984091   -6.6732445   -5.1606417
     -9.119724    -7.0867233   -9.825132    -6.0561953   -9.20874
     -7.502412    -9.157587  ]
   [ -8.884577    -9.793031    -9.293791    -9.734906    -9.232726
     -9.384024    -9.389068    -8.894717    -9.181161    -8.9692335
     -9.095938    -9.216206    -9.571541    -9.268097    -9.4597025
     -8.468715    -9.186499  ]
   [ -8.925924    -9.621667    -8.465704    -9.376789    -8.820087
     -8.620335    -8.637456    -8.805501    -8.991809    -8.242153
     -7.8390884   -8.324297    -8.643412    -7.9113636   -8.19268
     -7.079831    -7.7694955 ]
   [ -9.007997   -10.145922    -8.849109   -10.063278    -9.387437
     -8.969853    -8.758013    -8.423094    -9.114871    -8.790944
     -8.702608    -8.111       -8.341403    -7.74619     -8.366908
     -7.4291086   -7.544993  ]]

  [[ -5.2077713   -4.9889684   -4.955197    -5.416245    -5.305544
     -4.8585405   -4.883027    -4.2254863   -5.35129     -4.952651
     -5.4825006   -5.594392    -5.8495555   -5.549365    -5.4209013
     -5.6255417   -5.9498463 ]
   [ -8.574946    -8.5615225   -8.692512    -9.457654    -9.186205
     -7.6475124   -8.178894    -7.986887    -8.3328085   -8.610766
     -8.284748    -8.759718    -8.8332      -8.89541     -8.737005
     -9.175068    -9.149982  ]
   [-11.170359   -11.19919    -12.01874    -10.857604   -10.622887
     -9.274132    -8.513243    -8.399665    -4.2639847   -7.831707
     -6.0818615   -8.167693    -7.4941387   -9.746113    -8.396044
     -8.98136     -8.876556  ]
   [ -6.308468    -6.2916355   -6.1661935   -6.9492702   -6.3815517
     -7.408493    -3.3644967   -2.9278426    5.240794    -3.6363113
      1.8641973   -3.6349266    0.6217853   -6.9738636   -4.63063
     -7.0590725   -5.7768164 ]
   [ -7.6647825   -7.478671    -6.998716    -6.6015534   -6.790797
     -4.5582504   -5.998366     1.1030716   -2.4124837    0.19208694
     -2.5420988    2.7368114    0.17602909  -4.631691    -5.909462
     -5.793763    -6.139686  ]
   [ -8.596625    -7.5322943   -7.686038    -7.8738494   -8.519187
     -5.735175    -8.162612     4.640994    -3.636203     1.7214186
     -4.578415    -1.808532    -4.4890366   -5.3480444   -8.271806
     -5.8672237   -7.4256825 ]
   [ -9.804424    -9.851818    -9.744189    -9.518347   -10.007921
     -9.029498    -9.156997    -7.3554525   -8.255095    -7.9372272
     -8.224392    -8.490395    -8.424326    -7.8305845   -7.9198885
     -7.9416666   -7.648182  ]
   [-10.413377   -10.011885    -9.756615   -10.1792755  -10.043944
     -9.784256    -9.743435    -9.56207     -9.730332    -9.4911375
     -9.1409855   -9.481292    -9.009538    -8.627081    -8.6045475
     -8.649389    -8.881949  ]
   [ -6.839714    -8.262572    -7.600158    -8.73336     -8.247507
     -8.178728    -7.061077    -7.6771927   -7.5192747   -7.9578514
     -7.766288    -7.478655    -7.2505045   -7.5171967   -6.8069725
     -7.3236256   -6.877067  ]]

  [[ -6.449052    -6.2990346   -6.074322    -6.3083315   -6.428213
     -5.2897873   -5.7686167   -5.000673    -5.709956    -5.2760224
     -5.9553347   -5.0276875   -5.5282297   -5.522661    -5.548063
     -5.436963    -5.6950107 ]
   [ -9.114364   -10.090981    -9.666304   -10.995488   -10.403317
     -7.8590612   -8.631906    -8.111172    -8.052339    -8.309661
     -7.9391193   -7.173277    -7.787832    -7.559476    -7.8384023
     -7.102807    -7.3597875 ]
   [-11.255753   -11.049536   -12.170051   -10.572918   -10.816912
    -10.257983   -10.018005    -9.88396     -8.609473    -7.1825085
     -5.937683    -7.871564    -7.072459    -7.5846615   -6.4244957
     -7.477069    -7.6406794 ]
   [ -6.421357    -6.7870846   -6.243089    -6.0209713   -6.157464
     -7.408432    -5.741686    -5.6675715   -3.551114    -3.2331297
      2.0601268   -3.9354923    1.0118943   -3.3825219    0.9737166
     -5.2650986   -3.3805413 ]
   [ -8.284478    -7.7362094   -7.3832736   -7.0998344   -7.8229465
     -7.254657    -7.710727    -3.2796016   -5.5717554    0.7930281
     -1.9320625    3.2885768    0.35084915   2.609055     0.83927524
     -3.1612582   -3.4281583 ]
   [ -7.185877    -6.2441816   -7.6864314   -7.169761    -7.392537
     -7.548171    -7.62366     -2.8343847   -6.6789904    1.2375233
     -3.0947337   -1.6056589   -5.194588    -0.35103774  -3.9410048
     -2.7849293   -4.762883  ]
   [-10.38471    -10.285969   -10.809697    -9.076295   -10.003728
     -8.952308    -9.254612    -8.744226    -9.578209    -7.592967
     -8.214634    -7.7490644   -7.3514833   -7.5451374   -7.81823
     -8.301929    -8.809203  ]
   [-11.633345   -11.162586   -10.803892   -10.781045   -11.416254
    -10.725397   -10.758976   -10.688957   -10.712299   -10.078056
    -10.157203   -10.360628   -10.091668    -9.327473    -9.416103
     -8.824595    -9.082414  ]
   [ -6.638236    -7.544127    -6.8716426   -8.288615    -7.6856823
     -7.7730665   -6.67        -7.608661    -6.714055    -7.2315683
     -7.0658703   -7.2367945   -7.067029    -6.975192    -6.685401
     -6.617985    -6.7307744 ]]

  [[ -8.047293    -8.275478    -7.5918126   -7.938477    -7.9636097
     -6.8774395   -7.2517953   -7.148544    -7.566681    -7.10476
     -7.550937    -7.4583397   -7.1151776   -7.0463667   -7.15066
     -6.5233917   -6.7698703 ]
   [ -9.066163    -9.562304    -9.027338    -9.773893    -9.306278
     -7.704747    -7.0387187   -7.3857274   -7.677292    -7.276807
     -6.8404484   -6.8948784   -6.1784925   -6.0419207   -6.1439567
     -5.397331    -5.6769958 ]
   [-10.683412   -10.896165   -11.245138   -10.778393   -10.623137
    -10.353317   -10.223446   -10.730707   -10.388543   -10.17271
     -9.336191    -9.075783    -9.016252    -7.7142267   -7.284103
     -6.729066    -6.1751895 ]
   [ -8.032506    -8.909917    -7.0480084   -8.398538    -7.412653
    -10.574506    -9.581577   -10.651611    -8.175755    -9.330474
     -5.823984   -10.527775    -7.275055    -3.4064302    1.359141
     -3.2574515    0.849705  ]
   [ -9.344253    -8.806011    -8.331481    -7.996765    -8.213398
     -7.5558233   -7.852444    -7.3807654   -8.354126    -6.9404755
     -6.712157    -6.2211514   -6.87701      2.3282998    0.6373893
      2.0859182    0.92924213]
   [ -9.2942295   -8.801251    -9.313697    -9.806956    -9.876916
    -10.154801   -10.518575    -9.644708   -11.96625     -7.074812
     -9.612192    -9.716881   -10.966881    -1.548513    -4.6424336
     -0.9460535   -3.4587626 ]
   [-10.5409155  -10.576813   -10.161836    -9.451396    -9.669262
     -8.938049    -8.805636   -10.412118    -9.99243     -9.157322
     -8.956932    -9.534953    -8.564456    -6.5857935   -7.2536073
     -6.226961    -6.716719  ]
   [-10.970521   -10.021818   -10.283208   -10.377879   -10.478867
     -9.267248    -9.471312    -9.917459    -9.50859     -9.341789
     -9.578765   -10.004223    -9.182173    -9.311862    -9.297332
     -8.354341    -8.502451  ]
   [ -7.7131243   -7.90251     -7.8102474   -8.961134    -8.683059
     -7.599821    -7.0765376   -7.2377357   -6.6086283   -6.76803
     -7.1526575   -7.282116    -6.6462426   -6.946254    -6.757587
     -6.3212013   -6.1509924 ]]

  [[-11.281216   -10.929352   -10.192023   -10.457663   -10.503712
     -9.36722     -9.174349    -9.661904    -9.575798    -9.577753
     -9.640969    -9.623018    -9.47426     -8.6896305   -8.870934
     -8.71976     -8.553656  ]
   [-10.45806     -9.402666    -9.452723   -10.331493   -10.07699
     -8.890021    -8.281426    -9.722453    -9.75388     -9.395917
     -9.248396    -8.81217     -8.795364    -7.921196    -8.328492
     -8.103703    -8.29505   ]
   [-11.6207695  -10.976231   -10.691107   -11.613523   -10.865059
    -10.39508     -9.853867   -11.381294   -10.316466   -10.605988
     -9.610991    -9.961943    -9.572241    -8.501402    -8.851744
     -7.7277584   -7.5546994 ]
   [-11.028301   -11.482574   -10.867685   -10.720643   -10.200182
    -11.048644   -11.459897   -11.019117   -10.756817    -8.5832405
     -8.563391   -10.706659   -10.393832    -7.003049    -8.202579
     -1.6375833   -1.4831389 ]
   [-10.801121   -10.491753   -10.634205   -10.8110075  -10.788048
    -10.228244    -9.110298   -12.108367   -10.227594    -7.8569546
     -7.6115847   -9.808451    -8.802611    -5.993804    -6.6305175
      1.7399943    1.328094  ]
   [-11.598638   -11.2692     -12.640842   -11.175308   -11.287763
    -11.380233   -10.444281   -12.076369   -10.706126    -9.512026
    -10.3811865  -10.647652    -9.999863    -8.327329    -8.88828
     -2.2423148   -3.5790803 ]
   [-10.141489   -10.223209   -10.185064    -9.927468    -9.447447
     -9.756234    -8.832082   -10.023527   -10.2713175   -9.118448
     -9.161755    -9.556424    -8.918063    -7.7011604   -8.014487
     -6.1784277   -6.911594  ]
   [-11.19224     -9.876671   -10.497003   -10.311672   -10.441698
     -8.993229    -9.6303425  -10.145657    -9.491331    -9.216915
     -9.740112    -9.442174    -8.946374    -9.807052    -9.491708
     -8.820203    -9.292     ]
   [ -9.985837    -9.438605    -9.4940405   -9.64283     -9.711857
     -8.523989    -8.747232    -8.278773    -7.478883    -7.339961
     -8.1725025   -8.087971    -7.7091885   -7.1196394   -7.2612033
     -6.703414    -6.712498  ]]

  [[-10.207275    -9.629907   -10.320246    -9.758427   -10.144913
     -8.951383    -8.532353    -9.035202    -8.3117895   -8.2405205
     -8.209952    -8.712931    -8.396073    -8.029643    -7.778678
     -7.6696825   -7.410624  ]
   [-10.739609    -8.782503    -9.741585    -9.104745   -10.073862
     -8.525482    -8.982329    -9.0403595   -8.163768    -7.9499207
     -8.145954    -8.587879    -7.9594393   -7.235409    -6.926285
     -6.8829775   -6.5710626 ]
   [-10.907084    -9.776273   -10.511443    -9.722464   -10.301304
     -9.629414    -9.906332    -9.471646    -9.154458    -9.020194
     -8.778181    -8.331459    -7.920024    -7.5542984   -6.8759685
     -6.826289    -6.471046  ]
   [-12.092621   -11.467898   -12.244009   -10.480242   -11.444706
    -11.543302   -12.229086   -11.417802   -11.523836   -11.275936
    -10.72165    -11.372263   -10.526136    -8.795813    -9.251422
     -8.1763935   -7.740185  ]
   [-10.838132   -10.07222    -11.132988    -9.361898   -10.340819
    -11.182543   -11.474401   -10.779031   -10.853896   -10.061944
    -10.053685   -11.080986   -10.240725    -8.561836    -8.491934
     -7.01443     -6.154646  ]
   [ -9.885405    -9.818157   -10.180557    -9.22172     -9.271702
    -10.079536   -10.472855   -10.081759    -9.510592    -9.33341
     -9.834677   -10.224643    -9.512931    -7.731263    -8.050123
     -6.446884    -6.83806   ]
   [ -9.716547    -9.152141    -9.428751    -8.265972    -9.411875
     -8.787923    -9.482366    -8.719481    -8.699719    -8.029815
     -8.160676    -7.3894415   -7.718172    -7.133445    -6.7864532
     -5.740078    -5.8944464 ]
   [ -9.890728    -8.789619    -9.086174    -8.208596    -9.000689
     -7.7814684   -8.162559    -8.234961    -7.5455875   -7.7418537
     -7.995825    -7.4917173   -7.452593    -7.4346504   -7.3493247
     -6.7114143   -6.6878524 ]
   [ -8.799306    -8.199653    -8.356889    -8.060729    -8.361885
     -7.247837    -7.2195435   -8.023796    -7.18851     -7.5971346
     -7.778484    -7.499934    -7.3677354   -6.7073994   -6.933443
     -6.382716    -6.160645  ]]]]