9.462501
0.5628047
1.2083149
-0.9010595
-0.9160421
-0.018225878
-1.7703205
-2.3097103
1.6512897
-4.0979333
-1.3091923
-3.4764082
-3.1804264
-2.5853398
-2.6995153
-4.488935
-5.127024
3.149855
5.033628
-0.78439236
4.01487
-6.4877577
1.0809683
-2.8971784
0.26796854
-3.0744827
3.5785403
1.890135
-1.6846547
1.494067
-2.9503095
1.8341621
-1.5941675
0.0623012
-5.3701453
-10.483963
-4.3805337
-5.6517367
-0.15608312
1.5026104
3.1381087
4.811114
6.14364
-5.2822137
-3.0225835
4.7175756
2.8798385
-4.750406
-2.6511447
-3.4428408
-4.237389
3.4548411
7.56542
-1.6642373
13.315944
-5.4088206
1.66475
-3.664374
-3.600826
3.2577631
7.693508
15.748555
-1.2082065
1.6057885
-2.900215
8.702
-1.4428521
2.181099
1.264596
-11.559025
-3.4536524
-14.702317
-5.4813743
8.505298
9.187312
8.588062
11.805451
-2.4777224
-0.55296516
4.0600624
4.4084163
-6.664501
-4.953005
-0.93656933
-2.0899565
-0.59151155
3.3167946
1.6823275
12.06432
-6.334892
5.254611
5.897831
-7.934176
8.465499
7.403985
15.235588
-0.81335986
4.4080176
-0.9558244
15.230663
-3.5616376
4.3744483
-14.140906
-8.670477
-2.1073384
-12.715896
-3.461375
12.1700535
17.486818
10.261428
10.869296
-4.6457186
-3.2160861
2.4836204
2.8674977
-2.1319654
-0.010750813
-4.575119
-4.4219522
7.255436
5.255311
7.3388124
7.311439
-11.521292
2.2938294
-3.9106715
-3.436464
4.0932326
5.5028896
3.6891894
1.9977232
1.6099571
7.508492
13.099262
1.9205993
2.2503219
-16.71369
-5.5395484
1.138862
-4.5852847
5.262578
12.844985
15.120383
6.0225887
6.2437615
-2.6404269
-2.30685
1.9407023
2.0795074
-3.0152013
-3.7770658
-3.9457757
-5.4654455
11.553731
3.4364672
3.9683206
5.6435137
-7.9875393
4.7277093
-5.446411
-5.454563
-6.515429
7.2048206
3.1072564
-3.1892204
-5.9568787
6.77903
2.373442
2.5872238
0.8094833
-6.5851564
-0.74650216
5.715658
-2.3513813
3.484811
15.105775
12.12746
10.903228
11.544009
-5.8616815
-7.167264
4.80956
3.3193076
0.44520104
1.3005866
-4.111928
-5.7963133
-1.5025922
-3.7820394
-1.7506567
5.192207
-6.4128623
-8.383388
5.5891075
-14.76436
-4.261729
10.018021
19.256927
-3.50403
-4.873488
2.22689
2.1854427
4.4744287
1.633783
3.6451714
-9.736097
-5.861801
-7.900279
-7.8788714
11.841687
17.001978
16.846102
14.137021
-3.8570302
-7.666255
10.387484
6.876782
3.8627572
5.2951927
-2.6147227
-4.5133343
-4.3669167
-7.3689466
-8.66581
6.8866296
-0.93916225
-15.398998
9.39301
-7.2926373
6.7581325
5.7837024
16.714283
1.4419497
-1.3519636
-10.8769045
-3.0656278
-2.4009652
1.7181486
1.2354987
-9.487984
-7.971717
-4.7668962
-4.3293147
5.4288964
4.0512433
9.488227
7.44694
-1.5722919
-2.8039823
2.9512665
2.3792708
6.0377073
6.930071
-1.4564972
-2.6935148
-2.1449637
4.6358175
1.0921125
7.1225014
0.70951986
-22.518688
13.911461
-6.477224
4.7175746
-4.336047
2.4962857
-3.6766021
4.3245997
-16.439865
-1.6328571
-4.0958166
2.9007099
13.690665
3.0382147
2.0770135
0.10844682
-1.3802171
1.5094683
0.32806733
6.46068
7.6818748
-1.7095125
-1.5078524
-1.0300775
-0.67615837
2.2058034
1.4506514
-0.6961546
-1.0285368
-0.18258935
2.4101412
-3.2596076
7.8781633
1.6612588
3.0971766
7.7302284
-2.11623
5.839721
2.2895236
3.352467
-1.4206053
4.7750793
-6.995491
3.9809968
-2.7613525
2.4243872
11.760404
0.7279007
1.7221489
1.3910896
-0.4455914
-0.6012318
2.9588034
1.3276898
9.408076
-1.8002536
1.1491559
-2.205539
-0.94634676
-0.99668527
-0.28186885
-2.9828563
-4.542313
-0.030359857
1.5831871
-5.4875264
6.534104
-5.3750267
-1.6212116
-3.0686975
-0.86623126
-6.471845
2.6288648
-0.10808244
-1.8873947
-2.2244918
-1.676606
3.5848653
-4.6966
-2.4562044
6.7445736
-0.26997995
5.9186387
1.3720621
4.2055383
-2.8330283
4.2147818
7.187064
12.250766
-2.0721467
-0.783903
3.263265
4.5464096
-4.706989
-1.1049296
-0.51389766
-3.4470835
5.651532
9.906197
-1.9167557
8.594414
2.6282191
-1.4395751
10.08032
-8.860595
-8.260171
11.623016
15.720163
-0.09045789
-0.15137874
0.48467168
9.200336
1.256107
3.4182177
24.05265
4.443798
8.734658
5.143568
5.8392773
10.199654
13.820806
15.808374
14.42071
3.8814664
5.6252947
5.1257205
2.5772622
-0.09728527
2.790913
1.6905016
-0.748508
1.4938474
-0.6577573
5.766138
10.068769
8.975651
-4.9139175
14.248168
-6.6470127
-4.6759486
7.5728865
13.119743
3.534793
1.2836813
3.807812
5.9160967
3.8065455
0.46168503
14.449907
9.840288
14.353366
14.774396
16.406305
24.995117
24.117207
17.143225
18.87132
12.004592
13.79666
11.519857
12.885896
12.581088
13.235481
4.715033
3.7154613
10.358854
11.66275
13.757629
6.8998294
15.154263
-0.35421306
8.28515
-4.517862
-4.4538236
9.994238
13.144114
-0.59398115
2.7598546
8.251867
6.673195
6.0422797
1.4431423
19.313503
18.852552
22.786137
21.386827
26.077038
30.427145
30.538347
17.429958
14.247657
21.866184
20.869318
17.020086
15.735426
13.592891
13.627258
8.35829
6.926126
-6.558782
-3.0235484
-2.721303
-3.2016206
3.7720773
-5.680292
5.7326736
-13.612235
-8.088367
2.869154
3.7384508
-0.64840496
0.820081
-0.073684886
-1.7753056
-1.7992481
-4.2604017
16.34213
8.007067
10.543603
10.746814
9.511152
21.144722
20.246851
12.55729
12.567895
8.240024
9.670711
12.752488
10.781604
8.624186
10.006248
4.362121
1.6806822
-23.680325
-21.474905
-11.740303
-7.7411046
-2.3312314
-3.7429137
4.3989506
-9.552186
-4.6736293
11.330243
15.965792
-4.4427137
-4.7544684
0.56840265
3.434717
-0.049477506
-2.48933
16.281013
1.2823999
2.6056008
-0.590611
-5.724108
14.954843
15.953652
11.278528
8.973131
4.2399735
2.2715666
14.21382
9.702007
-2.0545805
-0.1601381
2.2736492
-0.34990117
-9.780882
-9.274075
-8.187688
1.6568344
-5.3800936
-14.18712
6.136795
-13.251683
-1.4794421
9.210856
15.656942
-0.6337
2.0018528
-9.557497
2.4933867
0.34548277
3.5626717
-0.3247369
-1.2487073
-4.907912
-5.1528006
-11.229708
7.480137
0.90378
11.248398
7.4809093
-0.87187916
-5.1645164
13.327294
6.6938453
0.9924915
2.066725
-0.0048339665
-2.0593157
12.893772
9.96806
8.087136
9.969555
0.83933806
-3.457718
3.9305403
0.101360485
-2.6728504
3.4756806
7.4663315
2.9851255
-3.3115823
-9.235512
-8.067942
-2.170538
-0.632053
13.81371
1.0940396
-1.699308
-2.9355996
-5.917291
-6.1950746
-9.66301
6.1325464
4.2070475
-1.9909565
-2.6211307
4.700842
1.9284629
1.3791536
1.3908327
4.986027
5.0646358
0.65829307
1.3064623
1.4401543
5.381389
0.3918521
9.786587
-1.5135295
5.486786
-3.1355019
0.45672753
7.9935093
-0.18322167
0.9163351
-10.161522
2.9385343
-4.8381653
2.1998334
0.83589524
-1.6273829
-0.42327344
1.7593596
2.046981
2.2493768
3.026883
2.4290683
1.2007306
1.1983855
-0.43211314
2.908342
2.6484847
0.8807469
0.28910306
-0.118168086
-0.73224986
-12.055711
-9.402905
-9.48317
-3.3458564
-9.25617
-5.668915
-4.914136
-3.964105
-7.104797
-6.092767
-5.245509
-5.6536055
-5.204239
-6.0762076
-1.688711
-6.190526
-3.1020706
5.105379
6.7738643
6.366901
8.493087
5.857113
5.219028
2.6718128
4.249504
1.8042921
-0.2847073
-0.470309
5.4230647
4.5496216
0.67429274
0.8522931
-1.0321862
-2.4634447
-1.5096958
0.47538328
-4.0362835
3.57622
-1.3208002
4.650792
3.89103
-0.9440359
-8.743115
3.0670257
1.0221682
-0.5590172
0.12686788
-3.4296024
3.223132
-1.0729835
0.067496166
11.696218
6.3501835
9.095822
7.3357186
9.49294
15.843728
13.097334
8.288841
12.161574
7.9004025
10.55575
8.478291
11.03551
3.8380005
3.9039667
5.7113557
6.1119933
4.1088715
1.3425984
12.650293
4.8324466
12.159136
3.5624883
10.821491
-2.9791443
-1.8040723
-4.2618546
-2.3080254
0.99273145
2.3656394
6.006561
8.054049
-0.5368133
0.5851065
10.221192
6.8329535
7.3260684
8.624621
8.92415
20.90258
26.211458
13.4982
17.858416
10.458912
12.498056
10.923433
13.215672
11.10877
12.979214
5.363823
6.155792
21.456814
23.678635
19.391268
24.353981
15.993849
4.713958
4.6095667
4.453298
4.3394427
10.510588
7.701275
1.0967544
4.578421
1.6813442
2.9561193
0.5340254
1.2583655
10.219356
5.8195195
5.680691
7.9554334
7.968602
25.807762
26.211563
15.275654
15.081975
16.482334
15.38938
14.99226
14.481584
13.310083
13.593362
9.859758
7.725429
-9.037725
-5.2248635
-12.712516
0.9098917
-17.129534
8.731653
-12.7797365
9.110977
-3.149049
2.4189692
-5.5191975
2.3940783
-1.0152111
3.9054415
-0.020515945
0.75316745
0.20698498
2.1674786
2.7560265
1.5304365
6.698549
5.3560605
20.450817
19.464628
8.902706
10.0214205
16.78689
17.126438
8.740402
8.615142
5.6907296
7.0999746
9.004538
7.4239297
-23.113844
-21.129045
-16.657288
-22.912617
-16.660315
-7.979582
-5.9281154
-5.4815097
-5.2148385
-2.4839916
-1.6998138
-6.332531
-8.966864
-4.8114724
-5.980827
-5.676242
-6.6109195
13.249639
3.1082199
3.0454426
0.72307193
-2.0141246
15.330046
12.731458
8.463534
6.7762127
10.947459
11.995325
10.748829
9.572419
6.088881
7.674469
9.104078
7.9688773
-6.460113
-9.5273075
-1.7916498
-4.157915
-4.2691174
-20.857458
4.08219
-14.368875
-4.4088554
2.3484516
12.612808
-2.9289956
1.742287
-14.488934
-5.819661
-2.158052
2.6776865
1.2724981
2.001054
-1.165288
-1.3812472
-5.730933
-1.6432574
-0.18178514
1.4499668
1.1634688
5.78724
8.55286
5.2009435
6.259931
4.1797748
6.3883405
3.5308774
2.853895
3.1645172
4.968762
11.226094
4.0031495
9.577709
-6.4181495
6.0474777
4.4928575
6.651889
12.544425
12.504238
4.835866
4.360276
0.054558378
0.7213856
8.538929
6.168714
3.798151
-3.9983394
-3.4823365
-4.442208
-5.254288
-1.5510937
-2.093483
2.1075177
1.3252579
-0.2084052
-0.42553183
-0.48151165
-2.3309715
-2.6037593
-2.7578616
0.79444784
0.52873373
2.8860404
2.70689
3.7242012
5.8410735
5.0559244
8.246559
7.39188
3.0438678
7.484061
1.6853577
8.8637705
1.1918122
5.6983795
-3.1092339
7.659838
-1.7421371
5.6271048
6.7315664
3.761097
3.938179
4.9993033
5.3565707
3.7661395
4.803383
3.3265445
3.577196
2.129221
1.6844571
0.68056476
-0.01853361
3.1470907
2.5856135
4.3810678
4.5629334
-8.4544525
-8.786656
-9.724137
-9.643679
-10.763195
-8.820818
-8.033428
-6.1079707
-5.9765754
-7.6164923
-5.419332
-7.090645
-6.6705384
-4.9920754
-3.7853777
-6.4813232
-6.230921
4.4332485
6.1426516
6.0029564
7.223985
7.8008876
8.264129
7.153947
4.256094
1.9122682
0.4069845
-0.13461253
2.6453705
1.544429
4.5719037
4.6139345
1.5320133
0.15728876
-4.1505055
-1.8723094
-4.109563
-0.42511496
-1.344663
2.950432
0.9593015
1.8773443
-3.4032524
4.7827535
3.1673563
3.7156518
2.8184903
4.7331376
-0.5940826
4.962377
0.69864345
-6.1663284
-6.065983
-5.0317974
-3.6570923
-4.5074472
-0.10245082
0.9971328
13.087239
15.377443
6.0989175
5.1445494
10.788199
12.081767
10.593845
11.921444
6.99435
8.677779
5.613455
4.599133
6.359203
6.6058946
19.161453
10.439165
26.28522
7.472139
19.784502
6.3304195
11.234537
10.4384575
12.104165
6.716724
9.732925
1.2009039
4.4470286
-19.161465
-18.124872
-21.64278
-17.393429
-23.888033
-3.5701404
-1.2776525
16.657974
23.528873
11.266638
14.147362
16.121294
19.589537
11.053132
11.969068
6.8026996
9.623411
20.896343
20.187426
17.324133
19.006115
13.6111555
15.106846
5.221798
4.7401404
-0.12113179
11.941253
7.7304583
9.7291975
9.86394
5.389596
4.198427
6.4759026
7.4238963
-19.805744
-21.928158
-22.09022
-21.416885
-20.933289
-1.3462932
-1.6103606
19.086355
16.1931
13.015835
13.152728
17.608957
16.72487
6.694775
5.49327
7.96778
8.115184
-7.7868376
-5.391106
-10.405031
0.98751223
-13.15727
15.66111
-23.740486
13.131505
-13.478492
4.326898
-12.682074
3.6760426
-7.716397
2.1632721
-8.74476
-1.0580963
-7.379594
-13.130438
-12.802094
-8.786507
-15.915207
-9.208545
-2.547709
-0.8272364
22.603052
19.859648
17.301472
13.686699
10.037731
7.083789
9.065297
8.174274
9.094043
6.215466
-22.804049
-20.814463
-16.502684
-22.526571
-16.875408
-18.6883
-14.757768
-6.939613
-6.0828156
-7.2248583
-6.8326035
-13.523813
-11.14684
-8.8163185
-5.834848
-5.220493
-3.186974
1.5904229
0.25963157
0.47299093
2.5793846
2.6687346
1.9826696
3.637995
4.026999
6.1354413
4.637999
4.5049267
0.8847048
0.9849041
-3.1334167
-2.2729793
-0.9015119
-1.6158953
-3.5538568
-2.256801
-2.6191046
-2.3698905
-2.795688
-6.4604626
-2.97144
-5.4350505
-3.0396123
-5.193354
-2.7955801
-4.8055034
-2.4902117
-2.661441
-1.7079519
-0.66890657
-0.06918277
-2.8538284
-2.4179173
-3.1897762
-1.916437
-1.2925996
-1.2499045
-0.9962214
-0.38709217
1.1514423
2.5785048
3.053417
-1.2246065
-0.5129818
-1.3050979
-1.0015568
-0.80133367
0.41490382
1.1216502
1.4391943
0.94557023
2.9064498
2.3871453
-4.165815
4.8998876
3.3413112
2.1418
-0.3770438
3.8931084
2.9853492
2.4263215
2.2865698
3.4256146
1.5037787
2.3605819
-3.9223866
-4.0179315
-2.7444606
-5.237959
-4.3706484
-5.57495
-5.8398085
-0.43681902
-0.86562276
-0.56951857
-0.22835231
-2.6903536
-1.7768902
-5.2995973
-5.004189
-3.2349226
-4.0298715
6.167617
5.650741
4.9164143
9.726319
4.394354
17.615774
4.5711174
11.265336
6.402599
9.996091
12.095819
7.207814
8.349415
5.1769285
8.484103
5.2056904
6.511974
-1.8111792
-3.3635652
-3.1159472
-3.1242516
-3.304594
-2.5563903
-2.1775582
1.2778934
2.1129377
1.5801055
1.4034654
3.831198
4.064988
3.1988838
3.2456083
4.0360475
3.584638
-3.2092965
-5.085517
-4.23857
-4.271403
-3.7919836
-4.494901
-3.6273751
-2.2080579
-2.5210867
-3.6947675
-2.1489832
-5.344969
-5.1306252
-3.5694172
-3.3918898
-2.7572908
-3.6514444
-0.6788891
-2.7124462
-2.0365477
-1.311342
1.1759849
2.7692719
3.2966294
6.3334465
6.1973214
4.13391
4.738038
6.6438174
6.7605968
7.156976
6.968643
5.2999372
5.0712156
-11.540943
-9.684214
-11.48235
-6.7792563
-10.439511
-5.2667637
-1.406246
-7.000209
-6.342424
-8.984857
-8.751311
-2.5564861
-4.8180203
-1.9038028
-1.8859383
-7.085927
-6.18711
-5.483692
-7.7106876
-7.5602336
-5.544192
-5.509883
-2.8082137
-8.375158
1.5317856
-2.373271
10.4621525
9.91471
3.2198293
5.1105223
7.3829613
7.214322
8.787869
10.477505
-1.8021387
-0.13361454
0.7257353
-1.9224902
11.222168
2.3552837
16.433119
12.29102
28.904259
17.980728
26.677864
13.409203
18.122261
9.565168
9.757162
10.374153
9.08901
-6.4241085
-10.235018
-10.674879
-9.088594
-10.1199
-22.787638
-28.81371
-4.2744427
-3.326288
17.771084
20.593664
10.932345
17.2184
11.432965
13.116791
10.885881
12.393315
4.545726
6.087802
5.1443467
6.454134
5.3570967
1.8261265
5.58144
1.1384841
0.4240166
10.5156355
3.6580057
14.935503
11.754354
7.0951333
2.762668
4.5710173
2.252429
-10.890336
-13.279291
-12.56124
-14.468652
-14.510564
-29.668625
-24.634237
-8.533786
-7.3721523
12.420925
10.585768
17.908142
15.261471
13.393065
11.038024
8.501447
8.053924
-5.460327
-0.19792402
-6.407778
3.695
-3.3234212
8.066328
-12.426461
21.693209
-18.107677
17.525066
-18.872229
4.6158266
-19.932064
2.2611024
-13.237525
3.2740536
-6.298591
-10.256639
-8.93869
-8.320752
-10.027096
-10.203997
-28.035854
-18.00416
-5.197807
-3.2165403
17.503862
12.307538
12.986668
8.244443
12.532408
9.24847
7.0151477
5.552174
-7.306346
-6.310973
-8.815998
-7.1352744
-7.3924875
-14.943882
-5.486254
-12.687077
-4.912231
-10.869285
-9.119101
-21.293472
-12.511379
-11.928893
-7.55581
-4.8400126
-3.1270146
-0.37750173
-0.6939087
-0.06542908
0.984467
1.8224235
-2.266504
-1.5533831
1.0741422
1.3701653
3.7621534
3.4013426
-0.9747685
-1.0243845
-0.9805088
-1.0447849
4.012411
2.2330766
-4.6669245
-3.5786338
-3.3158898
-4.712697
-5.231671
-8.780622
-3.944592
-17.32787
-11.695796
-13.866078
-11.134344
-8.787313
-6.9557652
-9.128937
-4.9244866
-5.691758
-3.851173
-1.0291913
-0.55065167
-0.4760623
-0.5945561
-0.016021162
1.0180094
1.7326889
-0.9561237
-1.1911055
0.5621455
-0.056247376
-2.1531534
-2.495353
0.6447213
0.73371476
1.0406085
2.1390786
3.2218728
2.3859377
4.676759
3.6740284
5.2636347
-0.53993213
9.498242
0.6821939
9.858748
3.5139968
8.444405
3.8069036
5.821325
2.863198
5.223299
1.1928146
3.9163647
-2.1969006
-0.46117753
0.54242694
-0.9325035
-0.5662507
-2.42119
-1.6990051
1.8141552
1.1507273
2.0987136
2.1090028
-0.1976379
-0.09145703
-0.87503606
-0.6825842
2.9314866
3.2544072
9.768284
8.778389
9.371584
12.2779455
7.0187125
13.817873
10.656742
9.881984
10.281897
11.951446
13.133004
9.901978
9.30947
8.901463
9.138153
10.349541
9.6269655
-5.304566
-5.0140696
-3.383835
-5.4113
-3.3264596
-3.6794672
-4.468906
-1.9289175
-0.94399756
-1.2808483
-1.8052769
0.30409706
0.8008151
-1.0610595
-1.0678935
0.653871
0.5482111
-5.6841784
-6.479585
-6.322987
-5.6543865
-5.6844506
-3.3556972
-3.9661934
-1.7628791
-2.8993971
-3.6446996
-2.5758266
-2.3593082
-3.4712608
-0.9352802
-2.343105
-1.860637
-3.1443868
-8.895906
-10.083711
-7.5125656
-9.478067
-5.6123266
-6.8145947
-6.458026
-4.8274417
-4.953615
-5.7034125
-4.807965
-1.2885334
-1.654877
-2.5738127
-2.6591
-1.749854
-1.4847574
-9.973469
-9.968828
-9.675491
-8.605327
-7.208279
-5.4766903
-1.454852
-6.09115
-5.2109466
-8.390379
-8.6696
-2.8788803
-4.915976
-2.5687335
-4.0318565
-8.383503
-8.405464
-2.7280107
-6.3924284
-5.4862194
-5.2388806
-3.4505599
-7.603798
-9.562045
-10.724996
-13.641442
-7.729419
-8.566251
-6.961087
-6.933062
2.9982264
2.7914152
3.257632
4.953129
1.2536116
2.7297165
5.0434475
1.3531514
8.082737
-0.17296278
10.517393
11.823921
23.973192
20.528229
26.682013
12.600427
18.82936
16.758686
22.629839
15.066047
18.549627
-3.3108363
-7.9560556
-7.7384086
-5.767392
-4.55878
-6.2678404
-12.279645
-19.22928
-23.545542
-13.88404
-16.461943
-13.441835
-15.014134
13.960465
17.188377
7.102642
10.620948
1.1704131
3.114269
1.9118593
4.022445
0.66633093
-2.6377263
2.9104455
-2.6425526
-2.2194037
2.9023595
-0.9317411
13.89074
10.554981
14.302774
12.776783
3.2934053
4.6753006
-3.4771326
-7.2501526
-9.539206
-4.4763584
-6.608059
-11.988529
-15.282676
-21.317503
-18.678955
-13.138553
-14.560574
-19.009604
-17.726835
17.667093
16.25206
14.302148
13.125614
-5.984228
-0.2387538
-7.9386263
1.6999376
-8.671834
1.2308837
-4.3237233
13.892152
-5.826344
21.097475
-11.094715
5.749607
-16.48251
7.560516
-18.262897
7.775158
-9.272343
-9.722468
-8.271262
-9.442879
-4.385888
-7.3701406
-11.750972
-7.901772
-21.920273
-15.172616
-13.887957
-14.297843
-12.685232
-12.518834
11.039726
8.104372
9.018537
7.137877
-7.7737727
-7.1098914
-7.134154
-4.484695
-5.162717
-8.811138
-3.6399436
-14.444581
-6.0578113
-12.677899
-9.951459
-20.290945
-13.913234
-20.040102
-15.684417
-14.050285
-10.550943
-1.9533155
-2.3201478
-2.0942054
-1.2640085
-0.54886377
-4.999874
-3.4883707
-5.1508746
-5.6105003
-4.778211
-5.36769
-6.94718
-7.022259
0.15956433
1.4941856
4.681808
3.4735115
-0.07097327
-2.5021663
-1.9691372
-2.6295202
-1.4915788
-5.220561
-2.3831518
-10.941907
-8.834956
-9.650323
-9.159314
-7.035826
-4.3339114
-17.182697
-10.928091
-11.3640995
-9.913811
-1.1247363
0.045315728
0.23255344
-0.9805064
0.055283055
-0.4508575
0.028996557
-2.6632557
-2.4405344
-0.6629488
-1.3779943
-4.2830367
-3.7320542
-1.1403639
-0.8073083
-0.020992368
0.5384928
4.1909046
3.0907345
5.029566
3.075361
6.201826
1.111284
9.08302
-1.299291
7.9909377
0.6368579
4.0252223
1.1041769
3.9142506
2.3737757
4.8675323
-1.843175
0.23972939
-0.9363256
0.036065653
1.0925213
0.20841037
0.31690145
-1.9250637
-3.0895321
0.74896604
0.37433004
0.01286
0.06562861
-0.9156924
-0.39846328
-1.0898613
-0.53831047
2.3053942
3.039126
10.106251
9.872214
9.614643
10.6438265
5.926758
11.921528
10.193
9.20836
10.958156
11.388768
12.410318
11.804138
10.506339
9.001886
10.0368
10.617189
10.282015
-4.712249
-2.0877838
-0.98256415
-3.6930172
-0.6771269
0.7832298
-1.4433327
-0.2445773
1.1478359
-1.1117401
-1.3629842
-1.1237699
-1.3510783
-4.22783
-4.127997
-0.7113273
-0.39197323
-6.008704
-6.235951
-4.323462
-7.633784
-4.4690676
-3.7833326
-4.9711776
-4.505283
-4.6483135
-7.440136
-5.6191816
-3.7983804
-3.9220848
-2.5073063
-3.6220582
-5.634871
-6.3967285
-6.290466
-2.9183571
-3.4532883
-4.1633887
-3.6577678
-3.5452113
-3.5470042
-4.343796
-4.845968
-5.9538703
-6.0056987
-3.3950527
-4.679751
-7.0510087
-6.23403
-3.2309115
-2.7188056
3.8837397
-4.134201
-1.5976099
-4.4920974
-1.0246991
-2.592374
-2.3087687
-0.98174274
0.12745617
-3.6464748
-4.7403727
-1.1018832
-2.3089745
-1.1654006
-3.9142578
-4.236693
-6.123262
-1.7096634
-4.557308
-3.4624984
-4.0843606
-1.7637126
-2.315936
-5.411573
-6.7189007
-5.995207
-7.1190643
-6.8757415
-9.140388
-9.298387
-7.7979393
-7.0763965
-1.7974955
-1.2142042
1.0256431
2.5240724
4.2450695
2.624208
5.170084
0.44755095
7.347137
4.50771
10.744267
7.6925364
7.5978093
9.824472
9.217412
12.649107
14.762688
13.411669
13.701485
-1.0535997
-4.6140203
-4.629985
-3.4629762
-2.9392073
-3.345532
-7.193902
-10.500482
-13.223057
-14.385637
-16.198034
-20.502813
-22.789812
-16.088663
-16.247555
11.781338
13.905385
5.531138
7.6941066
5.5631604
3.5287454
1.8296616
-2.1549382
0.5478227
-2.5495155
3.386766
4.629257
3.6212823
7.9896154
8.951917
11.75649
12.196843
15.679399
16.629152
-3.2368186
-4.431897
-5.8272896
-5.883886
-9.775598
-9.475596
-9.712505
-12.718998
-11.126458
-8.795067
-8.69251
-22.40653
-21.71385
-14.0050955
-13.116058
13.498615
12.157876
-0.607058
2.8088908
-3.0825949
2.9585893
-1.2513945
3.428934
-3.9479907
7.931705
-2.4616833
11.13409
-4.60705
3.5309653
-7.596741
9.38875
-18.744135
10.941221
-14.7341795
-2.9511929
-3.0779347
-3.7531443
-3.262685
-4.1455026
-8.396849
-8.823994
-10.44923
-7.5267763
-10.140017
-7.5663347
-19.01756
-18.962494
-11.6773405
-11.070093
9.080036
6.7125244
-6.39422
-5.0190344
-5.5916452
-2.3621416
-5.9305477
-5.1164465
-2.9299018
-13.455255
-5.411371
-14.728534
-13.298147
-20.350756
-12.454659
-21.765734
-15.88851
-20.822695
-18.05026
-3.0822222
-2.379548
-1.2919209
-1.8900735
-0.67473036
-0.80051064
-2.128969
-2.5722804
-4.2625732
-6.5573797
-7.1926646
-9.304884
-8.414888
-4.575284
-3.142209
-1.0914911
-2.484748
-2.848921
-1.9884892
-1.21106
-0.96551025
0.7126722
-2.700523
0.87562394
-4.9044566
-2.5704732
-6.8408985
-7.628789
-3.4434555
-2.2761292
-9.9112425
-4.6171107
-10.235205
-8.990416
-0.9714783
-0.8258453
-1.5864297
-1.8431268
-0.7691937
-1.7900674
-3.507713
-1.984625
-2.2060933
0.3895073
-0.33583114
-4.1506376
-3.8227177
-3.6906538
-3.3972306
-1.1968063
-1.307363
1.2657783
2.3967595
3.7993698
1.9044471
4.13286
-1.1547036
4.2261195
1.959495
6.057589
1.7351968
4.291518
1.2968261
4.9526258
1.6718618
3.2870986
2.9727228
3.4579644
-3.581876
-0.8274803
0.6406684
-0.4537403
0.57309645
-2.0959065
-4.144551
0.5611442
-0.4081521
-1.4839818
-1.1183857
-0.41342473
0.5171367
-1.7331011
-0.89788264
1.7893676
1.8926022
6.881042
7.5013356
7.757218
8.448644
4.908979
10.089275
8.732554
9.875443
8.835096
9.676672
10.214838
11.039705
10.54825
10.571061
8.512707
9.2523155
7.6022596
-8.571534
1.5396149
0.47254634
-3.7671564
-3.615681
1.2157153
-0.42998078
2.5936215
4.5816116
-0.16613722
0.40526727
-0.53485495
-0.837724
-4.8658886
-5.5588493
1.6078194
2.4012055
0.7385687
-4.1675973
0.08226368
-0.2399461
-1.759852
2.083604
-6.733935
-4.0150905
-8.300334
-8.145718
-0.6607102
-2.4046898
2.1323714
-1.7127961
-3.8776052
-1.9528253
-5.071813
-10.21164
-0.62400514
-3.5417604
-4.7039227
-5.8098736
0.6891717
2.4738047
0.25746983
0.86208624
0.043495327
0.21390703
-2.0939193
-3.3035333
-4.145499
-3.4735615
-1.000384
-0.1509178
9.678078
-1.7248235
2.2116418
-2.4518857
1.4631381
1.4495956
-3.8558497
0.88743925
1.8040184
-1.9696602
1.254355
0.86283875
1.9223747
1.234554
-3.0033777
-0.2334315
-3.0744529
-5.0233097
-1.9242129
-2.696525
-2.9748926
-1.2468963
-0.5200857
-4.522849
-2.1705835
-4.1627326
-4.618184
-5.9001017
-7.411689
-6.8349385
-7.298139
-6.35662
-8.250164
-8.09092
0.62662464
-1.2602124
3.56472
-1.5191339
2.1109874
-1.8249842
1.845381
0.4878931
6.20122
0.956824
2.4292502
2.2852578
4.602155
8.081072
10.040739
9.925752
9.785536
-4.708231
-3.7537918
-3.2033186
-5.431399
-4.8925695
-3.5128822
-5.588957
-4.9676805
-5.576005
-13.618475
-13.607827
-11.924704
-11.001206
-18.639439
-18.607845
-19.11024
-19.915413
-0.10590338
2.7718313
3.6087837
-1.4457476
3.0059664
-3.2752814
1.4706628
1.3641604
4.801277
8.865996
9.240755
6.396909
8.032533
5.3133273
12.257778
16.01106
17.46023
-4.989237
-2.9302166
-5.1068025
-3.6963387
-8.460395
-3.5575652
-6.9960704
-8.497099
-9.227644
-15.047252
-14.453096
-15.246459
-13.549823
-20.686317
-19.96062
-16.451515
-16.350391
-0.2604815
1.8364651
-1.8860439
1.1777191
1.1152056
-3.3600533
3.9527256
-2.0682905
2.9918225
2.474341
3.1390495
-4.2364216
0.56143546
-0.70128775
0.5616306
4.550297
0.34702906
-6.1427903
-1.3704407
-0.7934599
-2.4791873
-4.1994195
-3.6103144
-6.209987
-4.628861
-7.628462
-11.2181635
-10.905451
-12.731253
-10.316144
-15.610763
-13.468142
-13.566712
-14.092862
-4.2361217
-5.2252274
-7.1785975
-1.7063534
-3.8443968
-5.0926743
-0.99053836
-16.971018
-11.961884
-18.494074
-16.77363
-14.464662
-15.00982
-19.09286
-16.88344
-22.433706
-21.939981
-3.9055572
-1.7957184
-1.8181211
-1.390863
-1.2115376
-0.16419217
-0.5590309
-1.0396916
-2.3903818
-5.9729867
-5.754157
-6.4755564
-5.8464584
-8.243157
-7.264116
-6.6186037
-7.1946054
-1.9215577
-2.4848852
-1.1151413
-1.4382888
1.8242574
-3.8549025
0.5515928
-2.3444693
1.1046958
-4.079183
-3.3585863
-0.9753326
1.7104388
-4.7899427
-0.9833831
-4.619891
-3.325098
-3.5929046
0.9421642
-0.52357316
-1.3914657
-0.28650123
-2.1194994
-2.4376447
-1.2758589
-2.7946875
-0.4781081
-0.9287206
-4.388009
-4.5950513
-4.6390195
-4.1956434
-2.6055777
-2.4825006
-1.8605828
-1.1454973
0.93291575
-1.7527797
1.0220993
-1.6550602
-1.3319694
1.0794799
1.4995085
0.19809
0.8689195
-0.93496966
3.3418272
-0.67350304
0.9936757
3.7896423
3.330553
-5.526417
0.83596826
1.8291918
0.6431991
1.9083271
-1.0163825
-3.362292
-0.8704652
-0.67402905
-4.4503427
-2.0575476
-3.4567835
-1.5304154
-3.908176
-3.0163894
0.34194645
0.44425723
3.0049014
2.5099576
6.0084558
2.6175754
0.65739655
2.1502626
3.3907306
8.264792
8.374789
4.6921644
5.6282716
6.820943
7.2245064
5.90976
5.1669292
7.238992
5.8528476
-6.5110536
-0.58287454
0.18031378
-4.0740533
-1.0388081
-1.4369946
-7.8446593
0.4190302
5.9622188
0.04897076
0.9735265
-2.4672365
-3.1035948
-3.4528596
-3.9888868
1.3894218
2.20383
-0.56477076
-2.1417851
0.61700577
0.8443146
0.18136427
4.6880083
-6.4642906
-1.0040718
-10.152286
-0.9277715
5.115841
0.33824483
-0.31496212
0.5677031
-1.0665623
0.09911452
-2.3857093
-10.722485
-0.5441484
-1.4808185
-6.2518954
-3.663091
0.85296106
-1.8677003
2.9928482
2.086404
0.8335201
0.055408977
-1.8498789
-3.1389804
-2.19829
-2.4347396
1.4920003
1.9582353
4.4238353
-1.4306524
0.38900557
0.23711058
-1.1747622
0.8350368
-2.7584488
-1.6998099
-0.8583548
-1.7984911
0.5729619
1.5787928
1.6455152
2.157929
-1.1316749
0.8256884
-3.3267121
-1.8741834
1.4414388
1.667904
-1.1902534
1.7030452
-0.97439146
-4.065866
-0.03981878
-2.764672
-1.0685034
-2.7882347
-3.933579
-5.1001973
-3.2660131
-3.5198889
-1.2808808
-0.80570376
-0.8811492
-0.4075808
2.1508107
-0.5323292
-0.38513234
1.1526417
-1.818197
-0.033464685
1.9530346
0.32509157
1.3469777
1.7796614
3.3987463
1.3606912
2.1454618
2.0589976
0.5784566
0.69244415
0.2538532
1.5734204
-1.0733926
2.5263126
-2.5854416
-3.048413
-3.304125
-5.310226
-3.7195055
-5.6395283
-9.090422
-9.354362
-7.8844757
-7.519363
-6.8648586
-7.5326896
-1.4529115
-0.34094435
3.176677
-0.72714376
-1.2473786
-2.1152818
0.81042457
-0.6753527
0.17832004
1.8336709
2.5327423
0.94305634
4.688968
3.5848992
2.3343318
7.6802826
5.997372
-1.4112148
0.87105715
1.316558
-0.84017366
-0.56849277
-4.5000978
-1.9712965
-5.4469204
-6.625762
-5.0860076
-6.1450033
-12.300226
-12.657106
-9.302688
-8.473241
-8.822357
-9.373663
-2.6166558
-2.04579
0.9778459
-2.1754997
0.37890288
-1.9641229
-0.62683654
-4.756401
-1.5887705
-4.531143
-0.83669937
-4.828105
2.2463467
-0.9255656
-1.3998557
-0.25894016
0.6921452
0.20488304
2.5431743
3.023056
1.0762234
1.7957528
-3.3699875
-1.2560544
-1.7909677
-2.7402668
-1.7373855
-3.253901
-8.980499
-7.9964375
-5.218064
-4.60835
-4.416677
-4.4670568
-3.6491005
-3.958667
-0.24680343
-1.9614836
-2.5908802
-1.5318843
1.2326796
-6.319336
-4.7190695
-9.078691
-6.635516
-8.19599
-4.0666046
-8.875841
-7.693117
-12.314953
-11.208719
-3.07894
2.1629627
2.6395602
-0.95971334
1.7443038
-0.12654719
0.18948779
1.3143829
-1.3797109
-1.1788232
-1.0831017
-4.741771
-3.647548
-4.053492
-3.8856554
-1.9847347
-2.010211
-2.4875789
-2.422915
0.55068535
-1.4020973
-0.2565458
1.7627233
0.55581367
0.46835047
1.2097889
-5.1284904
-1.1263269
-2.4986415
2.0286267
-0.48300496
1.5953773
-1.7671463
-1.9672467
-3.7746947
2.2820275
2.8096533
-1.8828887
2.0855832
1.0982342
0.48174074
1.8023397
-0.18948227
0.43435532
1.5426065
-1.070357
-0.15293059
-0.9096807
-0.59339225
0.54792833
0.60233104
-4.3833747
-1.8476577
0.90448964
-3.4743228
-3.3217518
2.5865328
-0.795917
4.039785
1.4386102
0.69074565
-0.17526528
-1.3218807
1.6154385
-0.62282896
1.3177147
0.17231746
-0.4543368
-0.9483311
1.7650352
3.1666856
0.48485553
3.1112545
0.34142295
-2.6019146
-0.010526136
0.21110755
-1.7370322
0.20140895
-3.0989406
-1.7174809
-2.2465668
-2.2595656
-0.37785694
-0.4291756
-2.5267558
0.23588884
2.0243337
-1.0063753
-0.8092185
1.5943238
0.8953177
4.6946754
3.47362
1.6246971
3.3476126
0.3734403
3.0322888
1.0034722
1.3336908
2.1520624
1.1724039